TEST_AP=0.287889
TEST_ROC=0.573333
