TEST_AP=0.336471
TEST_ROC=0.499375
