TEST_AP=0.387824
TEST_ROC=0.550000
