TEST_AP=0.335022
TEST_ROC=0.461037
