TEST_AP=0.315616
TEST_ROC=0.420444
