TEST_AP=0.258100
TEST_ROC=0.525833
