TEST_AP=0.281960
TEST_ROC=0.505000
